0 0 0 0.0 0.0 0.5 0.1
0.0 0.0 0.3082901282149315 0.14644051178197426 0.6455680991172583 0.3082901282149315 0.1
0.0 0.0 0.43768233919996824 0.1346495489906907 -0.22903560198328599 0.43768233919996824 0.1
0.14644051178197426 0.6455680991172583 0.3082901282149315 -0.18723836621192236 1.1753190023462392 1.3909882815030876 0.1
0.1363619195070152 0.6615689421824099 0.3409924476108929 -0.349675443522667 0.8751751142479938 0.08668475925871344 0.1
-0.349675443522667 0.8751751142479938 0.08668475925871344 0.20413368328179704 1.276789914877983 -1.286891825406339 0.1
0.1346495489906907 -0.22903560198328599 0.43768233919996824 -1.2386121008953779 -1.439344807679023 0.9978595366438139 0.1
-0.11749768021001195 1.0645982050831995 1.1646985253240985 0.8344702528495516 1.1100364447404574 1.4358550266982921 0.1
0.1346495489906907 -0.22903560198328599 0.43768233919996824 0.897475692650171 -0.11556191324120446 0.8415875288593666 0.1
-0.12265485571533821 1.0398073380562787 -0.4763795684246088 -1.1451767223932003 0.41976306398257135 -1.0699401377728608 0.1
0.8071156112582332 -0.1290033662325626 0.7937431987775947 1.3340067511487517 0.06554496525021491 -0.25601418002842924 0.1
-0.3305858258277151 0.8890186437847826 0.039338028035102585 -0.7063331636861191 0.8227010683026501 -0.13154900335035435 0.1
-0.36208702772498164 -0.6668289763592785 0.6403097870978403 0.20530184660594553 -1.4436305986909346 0.3529064912276312 0.1
0.3136898751890897 1.0851791540826923 1.2875170624804295 0.3362871681672641 0.35080199062427075 1.3312442355438723 0.1
0.0 0.0 0.0 0.5454608973104502 -0.42147629827864197 -0.18890413860197564 0.1
0.20530184660594558 -1.4436305986909346 0.3529064912276312 0.5928935877817945 -1.3193235851121905 0.5003001463370031 0.1
0.5454608973104502 -0.42147629827864197 -0.18890413860197564 0.5119136088544782 -0.8688523167784773 -1.11322110703544 0.1
-0.2534938125532121 -0.5711215283216853 0.5960127349363784 -0.5537149472274484 -0.4088676871721322 0.21059031125363892 0.1
0.14128989797416858 1.2312164617050665 -1.131024491676475 -0.18419545961303907 1.4651215141776786 -1.1938655677559158 0.1
-0.7456163152330746 -1.0048483387753797 0.7967580221677869 -0.8733697317154959 -1.0160714463450113 0.4593249763961953 0.1
-0.9895807794320581 0.514114467748247 -0.9796187280289754 -0.7401251923806537 -0.10106768143108114 -0.7667232239951918 0.1
-0.8733697317154959 -1.0160714463450113 0.4593249763961953 -1.023091249063441 -1.1688745765070845 0.46898876839582027 0.1
-0.8973307065470192 -1.0405255930892146 0.4608715401832959 -1.0854511459541585 -0.9102529149598395 -0.39382448801710757 0.1
0.5928935877817945 -1.3193235851121905 0.5003001463370031 0.9629796895438054 -1.208696172620816 1.0138347224964117 0.1
-0.7063331636861191 0.8227010683026501 -0.13154900335035435 -1.2117047763181108 1.429378395040187 -0.09404639505689527 0.1
0.9908785916310419 -0.06115105573961922 0.42762099630930867 1.4302832645710115 0.3145365592351379 0.7177907381949051 0.1
-1.0854511459541585 -0.9102529149598395 -0.39382448801710757 -1.382436623237038 -0.6515791122707713 -1.1394103163604932 0.1
-1.0854511459541585 -0.9102529149598395 -0.39382448801710757 -0.6115794074335652 -1.1438168431372677 -0.5460504618180719 0.1
-0.038243140891000504 -1.1101976570925265 0.47627096886535536 -0.2572110164559902 -1.307557510953647 0.5774163581100593 0.1
0.4190447184951686 -0.32379482678854077 -0.14512365959384899 0.19980436261972545 -0.7038315271816638 0.06974416040009901 0.1
-0.5328112908048771 -0.8172949471073593 0.7099511691576218 -1.218178467724675 0.22783948666853782 1.2878885927286423 0.1
-0.7751534192868581 0.6441404957438501 -0.8551464501058229 -0.544293142646029 0.5022311398910451 -1.1046064127868234 0.1
0.520212217072418 -0.7581847047446646 -0.8845723922431827 0.6489816123556968 -0.6317817211583967 -0.9504259139786495 0.1
0.6943154257821876 -1.289006219897222 0.6410339386703701 0.25953880443024957 -1.4396773614375193 0.9868200876520894 0.1
-1.1451767223932003 0.41976306398257135 -1.0699401377728608 -1.4859135714223588 0.5334496103886903 -0.6899760804235054 0.1
0.10758038689480637 1.206770785539364 -1.0474169943311533 0.7055820663677848 1.3865656353523148 -0.7537405694401259 0.1
0.07075199282257422 0.3119029629125444 0.3082901282149315 0.2284720032535108 0.27612579381551705 0.21675571737262 0.1
-1.0191392154159233 1.1982115530772517 -0.10833629702371543 -0.8307551020781451 1.358247034550955 -0.15862386414711782 0.1
1.3340067511487517 0.06554496525021491 -0.25601418002842924 1.0392260174133834 0.5984378259525132 -0.607689147434599 0.1
0.897475692650171 -0.11556191324120448 0.8415875288593666 0.9413934591074318 -0.31048277745904596 1.1433095913334848 0.1
0.03471035694929714 0.8229516686029098 0.6708244097709608 0.24381861790757609 1.1452060855645585 0.5775947702332975 0.1
0.9396864472472891 -0.302906521791925 1.1315821475070496 0.6757628394589217 0.003973145780106879 1.3682509041696718 0.1
0.31481702676233525 -0.2022349102869725 0.5330783608028877 0.43197059768891233 -0.22843485432546107 0.31917964238377294 0.1
-0.931874022974478 -1.0166044798031868 0.3039293416403642 -1.4424204050719993 -0.595275549976352 0.4805206124780552 0.1
-0.7063331636861191 0.8227010683026501 -0.13154900335035435 -0.6297671783686678 0.35404628699652463 -0.2136938971627016 0.1
-1.1921812295780945 -0.8017856883470069 0.3939661767531465 -1.0935778073326494 -0.6051530221319077 0.20989473210379472 0.1
0.16743524935893156 0.28997135633642634 0.25217901776552687 0.2726182837445197 0.22297574654873653 0.4596024595714008 0.1
0.7342408551933448 -0.06402271930840744 1.3158117935045093 0.45630981000506665 -0.20574469369807824 1.189639787553189 0.1
-0.8326315126651767 -0.3600912052870871 0.9627752500177275 -0.3973143898563105 -0.19240522420311956 1.1757700650470162 0.1
1.0392260174133834 0.5984378259525132 -0.607689147434599 0.9185819671382571 0.611665750621099 -1.1993193380630967 0.1
0.8344702528495516 1.1100364447404574 1.4358550266982921 1.2584478412340205 0.6427238986473345 1.4965410197035993 0.1
-0.8272299701118121 0.612561936688258 -0.885376206715117 -1.0516550860260188 1.1043781721046426 -1.0125211959708755 0.1
0.3448210731296756 -1.410122927857045 0.9189934708981771 0.3466786928515324 -1.1285400514516755 1.0440246879667034 0.1
1.2118757341510107 0.28632854972569677 -0.4017171263428263 0.9219568761750319 0.20730221584378006 -0.278450108322001 0.1
-1.4859135714223588 0.5334496103886903 -0.6899760804235054 -1.2924990136345857 0.5922863194336907 -0.13937195196579344 0.1
0.6762020302739353 1.1024821677760996 1.3907742461152857 0.6661667984110435 1.0991469777858875 1.4265645150086574 0.1
0.5243930968136691 -0.7024298160918222 -0.7693780422470626 1.067410027177833 -1.4648577474449942 -0.42006580656490833 0.1
0.5928935877817945 -1.3193235851121905 0.5003001463370031 0.6899716872721742 -0.9851109682156785 0.06310981861238796 0.1
-1.382436623237038 -0.6515791122707713 -1.1394103163604932 -1.3369860349822391 -0.9000104253107998 -1.444434616618158 0.1
0.7399803781927021 -1.0051271276795823 -0.6306949349033482 0.8810931100722619 -0.8282259358188596 -0.463944957909292 0.1
0.9185819671382571 0.611665750621099 -1.1993193380630967 1.2842438803967724 0.6132432057705985 -1.4044832114060766 0.1
-1.2924990136345857 0.5922863194336907 -0.13937195196579344 -1.0059175305062618 0.3644352044992907 0.2316857658125029 0.1
-0.9068391878316263 1.2936123205068217 -0.1383138523230814 -0.7863215358764741 1.3026419937743814 0.34189786789768783 0.1
0.2726182837445197 0.22297574654873653 0.4596024595714008 0.10689840907487502 0.26972992906371296 0.6903660885503089 0.1
-0.7401251923806537 -0.10106768143108114 -0.7667232239951918 -0.5641650135611944 -0.30533681335172425 -0.8704687530746336 0.1
-0.7863215358764741 1.3026419937743814 0.34189786789768783 -0.9414209823589915 1.3331171699518007 0.7186523851478626 0.1
0.5231170086806468 -0.7194473234517871 -0.8045376622597807 -0.028623574147298658 -0.8177561160800303 -0.7369305546888212 0.1
-0.7628313710233592 -0.04507199922496996 -0.7861015967306311 -1.3259125190283731 -0.19675012332563768 -0.5646123540176923 0.1
0.6489816123556968 -0.6317817211583967 -0.9504259139786495 0.5890304664463786 -0.36674448212255717 -0.9611889673210956 0.1
-1.023091249063441 -1.1688745765070845 0.46898876839582027 -1.4259638148260063 -1.2982511056102544 0.5381783204957018 0.1
-0.3973143898563105 -0.19240522420311956 1.1757700650470162 -0.13890946633186418 0.1097376333261666 1.1900138791210262 0.1
0.9256728479129587 -1.2198480622437884 0.9620674364147984 1.4710168421901129 -0.8493090468045782 0.4892346093003024 0.1
-0.9192470542768323 -1.1578759004740906 0.8675850060828372 -0.7100328697885481 -1.438047001602814 0.7751359615084246 0.1
-0.5361896122426282 -0.4183392152902482 0.23308925055393387 -0.5399485475325965 -0.3496083174843061 0.26495134066081727 0.1
1.2416405893177167 0.6612490280433585 1.4941353152508763 0.9931453657085711 0.3869455307734462 1.117951966342186 0.1
-0.6599845348013915 0.7139774446676689 -0.7882924190341012 -0.6793738955530927 0.8941405017376911 -0.9430921670821434 0.1
1.004021967093781 0.6022977471388032 -0.7803274081195163 1.3583749709158335 0.5624648291634458 -0.8534769686593247 0.1
1.3065483965127744 0.5682906685520615 -0.8427783401702849 1.3421117714667727 0.6925674203104735 -0.7381750722149225 0.1
-0.8763529440149053 0.2348834272163962 -0.8829855061528036 -0.8600640678975541 0.054602141791989744 -1.4230118458364052 0.1
-1.0269980521231399 -0.11623102626942941 -0.6821910354303976 -0.8775897736766718 -0.22594359374548123 -0.37749005899732335 0.1
-0.1523492030343953 -0.48197882779023093 0.5547540979523022 -0.10927372690556791 -0.6671138811158043 0.2603530393745064 0.1
0.0 0.0 0.0 -0.220759136192908 0.13011580871555622 -0.06236417831562374 0.1
0.15136172780021526 -0.11695683604242828 -0.052419627050062735 0.03925278711510538 -0.19003209827155282 -0.21309134439397365 0.1
0.0 0.0 0.2642591671516878 -0.007166231610627238 -0.08663235729002663 0.2642591671516878 0.1
-0.17803063724444715 0.10493155907697033 -0.05029343110427295 -0.24994653873478886 0.03131548195344391 0.05068564137346132 0.1
-0.02514603599399612 0.014821116198290334 -0.007103723540983154 0.10194992795454605 0.17109174721388265 -0.13096193654763055 0.1
0.11369214419063872 -0.1415107626383768 -0.10640672792884728 0.05184609971179599 -0.2616268403274113 -0.008623442439226248 0.1
0.026325551943730062 0.07810792151068895 -0.057264080365236156 -0.00156518070080236 0.08368350983923417 -0.07884923632222948 0.1
0.03925278711510538 -0.19003209827155282 -0.21309134439397365 0.006791389527873615 -0.16540978261515643 -0.24129330930357956 0.1
-0.24020759668168254 0.04128466393441811 0.037010928061702975 -0.15277967408829313 -0.04767631999194094 0.03442127479435014 0.1
0.10194992795454605 0.17109174721388265 -0.13096193654763055 0.21633070429727624 0.13622655762679697 -0.13780325685677122 0.1
-0.15961693587114978 -0.040719165829718976 0.03462379747578304 -0.14272911045619305 -0.026315659919712187 0.10996880132860826 0.1
0.1310848060531111 -0.1301738137858089 -0.08148000189301254 0.11737526738331433 -0.1298886920507 -0.07204382645992771 0.1
0.18786744321124849 0.28533652241471746 0.2403209864264617 0.11819834503499238 0.167217237564662 0.1664445371092519 0.1
-0.15277967408829313 -0.04767631999194094 0.03442127479435014 -0.14434646139278703 -0.07571211724046314 0.05255978111783344 0.1
0.006791389527873615 -0.16540978261515643 -0.24129330930357956 -0.1363068585453198 -0.07748832046926676 -0.18176743188861622 0.1
-0.19780962715487976 0.08468497081905346 -0.022521213634814085 -0.2538261318080203 0.011301089298915601 -0.11591394027288232 0.1
0.12386065550019479 0.17681730531717724 0.1724487972913278 0.04652576929882529 0.27566000450005507 0.0873421466736023 0.1
-0.24994653873478886 0.03131548195344391 0.05068564137346132 -0.2787825385467054 -0.04175853629516324 0.006010111390950146 0.1
0.057352559730399474 0.11625712731325558 -0.08750067970332463 0.02170649682207121 0.10883550636230271 -0.13344234136094035 0.1
0.04652576929882529 0.27566000450005507 0.0873421466736023 -0.02585314701254049 0.22922484613793376 -0.024837622938848503 0.1
-0.004063438598749714 -0.0491227863736543 0.2642591671516878 0.13450058196692594 -0.06058480697813878 0.2424266357405746 0.1
0.07943801353537647 0.14341226029424317 -0.10902350982901478 0.11401501211473641 0.11977323255031003 -0.10336775906572865 0.1
0.1757139131961108 0.14860724053034674 -0.13537389340307415 0.1540671856421335 0.0816366332682848 -0.15598783597217428 0.1
0.0 0.0 0.2146335865161328 -0.02511670364397428 0.05459049919421094 0.2146335865161328 0.1
0.009809163324133792 0.25210423025193085 0.03043523774071412 -0.025665927987685744 0.27112468609964174 0.045450697226923464 0.1
-0.21240553640528606 0.0655637407147676 -0.04685603729255586 -0.20435132193062644 0.07733906343702024 -0.060939444828193745 0.1
-0.061382700789967465 -0.12352271703665493 -0.2129343140134293 -0.027502561855468954 -0.10397947093904394 -0.16035352243256587 0.1
-0.20510783550925324 0.07721422432286615 -0.012273600866268615 -0.20222734437203677 0.0832570544199176 -0.0058167920707576926 0.1
-0.14434646139278703 -0.07571211724046314 0.05255978111783344 -0.12696090160110365 -0.1551488279540556 0.09750274291960559 0.1
-0.1457980034184205 0.08593359011571752 -0.04118775258887972 -0.1523620890054213 0.09951547053551263 0.010385110321373237 0.1
-0.0015651807008023634 0.08368350983923417 -0.07884923632222948 -0.04554660693849044 0.03281268519685138 -0.12776908804822215 0.1
0.11205380437605268 -0.08658369996699845 -0.03880649831565292 0.12394482376378735 -0.05108587839986159 -0.08367266370846463 0.1
-0.14272911045619305 -0.026315659919712187 0.10996880132860826 -0.16042380430214068 -0.09088837830446206 0.1889798876221484 0.1
0.20947337964757765 -0.16185956697740755 -0.07254486717101684 0.22903212740030382 -0.13653786272042248 -0.07256586235354287 0.1
0.02170649682207121 0.10883550636230271 -0.13344234136094035 -0.07542229000745035 0.14927295452407985 -0.1573156544765767 0.1
-0.2538261318080203 0.011301089298915601 -0.11591394027288232 -0.19688814057141418 -0.030425010787357154 -0.1173189555736083 0.1
0.18905350234311388 -0.14608117783892632 -0.06547305074645228 0.20351347335519138 -0.15735490439061675 0.001433674493556858 0.1
-0.12696090160110365 -0.1551488279540556 0.09750274291960559 -0.04950817512239292 -0.2212264029160464 0.06247068241252918 0.1
-0.04950817512239292 -0.2212264029160464 0.06247068241252918 0.02813094100165331 -0.13510585807944203 0.05533825125710207 0.1
0.20351347335519138 -0.15735490439061675 0.001433674493556858 0.23805669493464593 -0.05595999249855105 0.03124696601518251 0.1
-0.19688814057141418 -0.030425010787357154 -0.1173189555736083 -0.13700833943631247 -0.026733510329983834 -0.058971878772240804 0.1
-0.17052940983659814 -0.028800034339225396 -0.09163492093393208 -0.1509519209502174 0.003519830295184989 -0.11377150441211314 0.1
0.0 0.0 0.15035701375739247 -0.07617908167155152 0.014982265352558533 0.15035701375739247 0.1
-0.15681299330645754 -0.07771155345545783 0.1728567434946833 -0.23722326675451555 -0.09091440657990174 0.14405851537060949 0.1
0.11819834503499238 0.167217237564662 0.1664445371092519 0.10830868868569554 0.0734306571396029 0.1263170416334074 0.1
-0.13759451069425951 -0.10656259089894954 0.07001407456408366 -0.17704578782417896 -0.09498113108116071 0.10574548936647771 0.1
0.1540671856421335 0.0816366332682848 -0.15598783597217428 0.22754085781879624 0.026206832296857108 -0.13038020943267803 0.1
-0.020303265317766533 0.044128616743674146 0.2146335865161328 -0.07639255810740267 0.01832232873766909 0.25326687706031586 0.1
-0.04554660693849044 0.03281268519685138 -0.12776908804822215 -0.0944334093950458 0.07333863530387696 -0.13255923106284098 0.1
-0.10609146127615643 -0.17295326260963273 0.08806344324029311 -0.17415003020661893 -0.2305780600037438 0.046284146412205074 0.1
0.017422460574784332 0.25698858997308277 0.04223505424936456 0.11788945842087006 0.18820718982111806 0.00588431797295047 0.1
-0.035750247042259604 0.007031059916369106 0.15035701375739247 -0.03477861736204485 0.0119714247425029 0.11637384656072852 0.1
-0.2787825385467054 -0.04175853629516324 0.006010111390950146 -0.24546856078055432 -0.16334429907728343 -0.053819062385924626 0.1
0.06352827187163693 0.25392889025512627 0.10605331464924786 0.07397680381207838 0.23217646873045045 0.0712957009448259 0.1
0.005606065423906868 0.24940770581422123 0.023920874468436285 0.0016324566871944168 0.25340878907797976 0.024828476254281473 0.1
-0.04950817512239292 -0.2212264029160464 0.06247068241252918 -0.03584174830230491 -0.25410793858182873 0.11787788679150035 0.1
0.11788945842087006 0.18820718982111806 0.00588431797295047 0.23883741432824107 0.10354938677791281 0.01736395741852992 0.1
-0.006121553228828621 -0.07400327191537417 0.2642591671516878 -0.017610630471654287 -0.07305289504592294 0.28771615760127517 0.1
-0.17704578782417896 -0.09498113108116071 0.10574548936647771 -0.19520496876299653 -0.1032071994551522 0.10820919960900094 0.1
-0.2221595066466429 0.059759431828835176 0.01166911416568029 -0.2620754289968216 0.0643496244069246 -0.013412098274150352 0.1
-0.13411548402561038 -0.19668104088183258 0.0708602609935022 -0.12960001394273934 -0.1569520314455652 0.008707645979254053 0.1
-0.13700833943631247 -0.026733510329983834 -0.05897187877224081 -0.07924345167777519 -0.02608806524240681 -0.09751357094145605 0.1
-0.07617908167155152 0.014982265352558533 0.15035701375739247 -0.09396496272545035 0.05461614052229474 0.09550588311001695 0.1
0.11166645945009077 0.10527340543350647 0.13994126945268567 0.13284400077597147 0.08254961671847572 0.18783231794847638 0.1
0.07997534733015448 -0.1634881692310096 -0.15472879414233448 0.11894908669097437 -0.09870109819446021 -0.2113886530759756 0.1
-0.23520292798877057 0.046407648821489095 0.029983736686837473 -0.21131479398163655 0.11096066321013565 0.09405717506450223 0.1
0.0544815284422952 -0.18010564406457175 -0.19126589490642212 0.048649157803237864 -0.15506577597604895 -0.19858475632250322 0.1
-0.13867866777840965 -0.02683648358176374 -0.060599452247976936 -0.13724875394288152 -0.05772435559959929 -0.060112715994401544 0.1
0.02813094100165331 -0.13510585807944203 0.05533825125710207 0.10283008720209186 -0.0931691235746954 0.1282601210460098 0.1
0.08412503039639797 -0.06500320477394696 -0.029134199133713255 0.08351213953523551 -0.06050331284713614 -0.040943923407408434 0.1
0.12615271233377082 0.18242330602575982 0.00666861544086322 0.09205269666818217 0.13580547865070114 0.022153800649434285 0.1
-0.26662130025836844 -0.08614331208032783 -0.015830475884526005 -0.23371373340495316 -0.05697863202183004 -0.05677585029086635 0.1
-0.21618904138156403 0.09778896204472129 0.08098332884765345 -0.23412932516249957 0.06378487982705106 0.12193049788032945 0.1
-0.07924345167777519 -0.02608806524240681 -0.09751357094145605 -0.05745382923644474 0.014510316236254928 -0.08094007376399412 0.1
0.11894908669097437 -0.09870109819446021 -0.2113886530759756 0.20566611761090542 -0.07607042655312349 -0.16628170919101184 0.1
0.09346357920227327 0.13773428358339557 0.02151310366084063 0.03580944349406878 0.16407332666941832 -0.026154260796560025 0.1
-0.24546856078055432 -0.16334429907728343 -0.053819062385924626 -0.20797867328439257 -0.1802423147279314 -0.04020947623129156 0.1
0.08314982862581344 -0.10421778772787826 0.10904810422508684 0.016940453507121478 -0.09033582477087906 0.16888776014079682 0.1
-0.06626848563144505 -0.0019131341420664076 -0.08764462696477525 -0.08127322440192802 0.0006379037008512611 -0.07416650688338927 0.1
-0.12960001394273934 -0.1569520314455652 0.008707645979254053 -0.08105289838725713 -0.14345730037136414 -0.0024178227759182325 0.1
0.12067985259007992 -0.09324902627718497 -0.041793873241050175 0.10904396704161673 -0.1335958372168539 0.014627886646331967 0.1
-0.07639255810740267 0.01832232873766909 0.25326687706031586 -0.11975779010490767 0.029700343677162844 0.2584912303787839 0.1
-0.007166231610627238 -0.08663235729002663 0.2642591671516878 0.012456862345116337 -0.13967578088260882 0.22643927350447174 0.1
-0.02585314701254049 0.22922484613793376 -0.024837622938848503 -0.10905989449376255 0.2152664809391413 -0.02489809976013302 0.1
-0.0009555633713165031 -0.10342049003574648 0.25228924982781314 -0.03324762731321956 -0.09833864016006758 0.2284068738282477 0.1
0.22903212740030382 -0.13653786272042248 -0.07256586235354287 0.25365396613521923 -0.12355400257010032 -0.028143452730672924 0.1
0.03583000356793285 0.15795292582118803 0.3082901282149315 -0.0036252996076658883 0.16690295727015247 0.20654097693181445 0.1
-0.17415003020661893 -0.2305780600037438 0.046284146412205074 -0.1174807850403553 -0.25478455854999577 -0.04520219829564426 0.1
-0.2538261318080203 0.011301089298915601 -0.11591394027288232 -0.23542937691025084 0.040930556201907 -0.15206583611330632 0.1
0.08351213953523551 -0.06050331284713614 -0.040943923407408434 0.08382306364507619 -0.05501825499615312 -0.0735560564466676 0.1
-0.08870017254220214 0.06858592375444433 -0.1319974634060954 -0.08554520904317217 0.07299926187195466 -0.12685802540898264 0.1
-0.19089389916272292 -0.08330742043953086 0.1606509685428321 -0.19018002475204732 -0.0581843985574268 0.14713977601927747 0.1
0.20351347335519138 -0.15735490439061675 0.001433674493556858 0.18173602293680052 -0.2045122578346543 0.06342717436216727 0.1
-0.21131479398163655 0.11096066321013565 0.09405717506450223 -0.230602876856992 0.13673289502170688 0.08247736642332398 0.1
0.13450058196692594 -0.06058480697813878 0.2424266357405746 0.19040346687697285 -0.016114212920613435 0.22937020315146445 0.1
0.12301252793349969 -0.053869026753439526 -0.08015500575561829 0.13997348059003561 -0.05416427662155385 -0.0758933915065898 0.1
0.06665213223307082 0.2499362446955204 0.1094911071568472 0.009383007990751036 0.2334359719138372 0.14236714782850074 0.1
0.08047249011684339 -0.2060292711890067 -0.05388393612321094 0.12627345570269494 -0.19379653105950245 -0.00988912354352478 0.1
-0.10905989449376255 0.2152664809391413 -0.02489809976013302 -0.14585001378799853 0.22413409637446285 -0.0048646609749932734 0.1
-0.08738634882199162 -0.14521782124702454 -0.000966395556858379 -0.10423822041037659 -0.11007446406451438 -0.03187382163228053 0.1
-0.02923595257192304 -0.0989699633490096 0.23137380479716851 -0.040153530539238924 -0.08559187219322734 0.2489824621893711 0.1
0.14512262200822565 0.15793198198675623 -0.13354417316180375 0.13904651125973566 0.1365281947989178 -0.12605193024482675 0.1
-0.0036252996076658883 0.16690295727015247 0.20654097693181445 0.046625654590104204 0.1675076599811004 0.17735422112592786 0.1
-0.0036252996076658883 0.16690295727015247 0.20654097693181445 -0.09328172354741263 0.16252365394118867 0.14153633808463978 0.1
0.0 0.0 0.04070760088650449 -0.008153730666800696 -0.030978492661201618 0.04070760088650449 0.1
0.07324236774248019 -0.05551752536514802 0.25207864988381323 0.0727015484202328 -0.001092260542233936 0.2200731259554573 0.1
0.08359747137231602 -0.05899796138643061 -0.049894188553394725 0.07664085371717066 -0.059143230416688036 -0.04998494585477342 0.1
0.18576434468486358 -0.08126422162880545 -0.17663386429898764 0.1865031690773708 -0.09108483435208795 -0.17312712253055187 0.1
0.08382306364507619 -0.05501825499615312 -0.0735560564466676 0.03990366419349761 -0.07924950730927596 -0.09459457402490526 0.1
0.10283008720209186 -0.0931691235746954 0.1282601210460098 0.15441848594262525 -0.11125602299742768 0.09439134997028509 0.1
0.0 0.0 0.240697302389497 0.010395650109648047 -0.00902061290515771 0.240697302389497 0.1
0.02119376621947374 0.23683886544697114 0.13558703772506003 0.032787035172155754 0.19611696182921695 0.1353441204608936 0.1
-0.1174807850403553 -0.25478455854999577 -0.04520219829564426 -0.12108758420216154 -0.20943906161337505 -0.10183977858186047 0.1
-0.220759136192908 0.13011580871555622 -0.06236417831562374 -0.25868882130397564 0.1234260263937646 -0.0628600538781979 0.1
-0.0944334093950458 0.07333863530387696 -0.13255923106284098 -0.11349601371401039 0.13117583420469114 -0.09841347459584684 0.1
0.13069327801780758 0.16233028937659041 -0.13268112810086247 0.13666276392865084 0.1891196371885881 -0.1694022939253569 0.1
-0.24745928099200304 -0.0691607693214633 -0.03967289658787894 -0.19212282549987503 -0.09269660618619932 -0.011963467307546605 0.1
-0.23542937691025084 0.040930556201907 -0.15206583611330632 -0.16793768353145616 0.07373641931145147 -0.23310236562077064 0.1
-0.027502561855468954 -0.10397947093904394 -0.16035352243256587 -0.024618083890759035 -0.10659987717202912 -0.11009955272783614 0.1
-0.0390764673954081 0.13414116542481674 -0.1483822040342725 -0.010449454972739414 0.13789658131756055 -0.2584904047245663 0.1
-0.1509519209502174 0.0035198302951849926 -0.11377150441211314 -0.1816443154195574 0.020944919029920794 -0.12585117446404295 0.1
-0.11975779010490767 0.029700343677162844 0.2584912303787839 -0.11749586556645206 0.0546392285003941 0.25303144012249995 0.1
0.18845075087912166 0.13881764905054422 0.012581563826821466 0.183158313347505 0.13436483910079555 0.03550426926102135 0.1
-0.013652049295774769 0.1374764510768927 -0.24617225244084645 0.004117775092388087 0.14211189700847132 -0.24139417953136552 0.1
-0.255212703958321 -0.12778117631712094 -0.03631937983280433 -0.2355164593387173 -0.1274732986316631 -0.0259778244837095 0.1
-0.2756680778788145 -0.053125358912941054 0.00041679528116342606 -0.2874299584393617 -0.05303069183174472 -0.006324818739181115 0.1
-0.08637814534104901 0.03770975437039634 0.11890340332779413 -0.15379327483126068 0.053183400175191964 0.1519440717553061 0.1
-0.21642819149819412 0.09714270558470399 0.08034187354367978 -0.1584994655366187 0.07229994016799263 0.08377334577824497 0.1
-0.042794643633034715 -0.11280047719588218 -0.18408629892259848 -0.09000429382189865 -0.1473705593294254 -0.14081800527777155 0.1
-0.11810142487133679 0.04499112866916512 0.134451224244547 -0.10996160006792624 0.07602388557546291 0.13652616575444987 0.1
-0.07542229000745035 0.14927295452407985 -0.1573156544765767 -0.14633172298798922 0.19423060321390162 -0.16033639669133273 0.1
-0.09328172354741263 0.16252365394118867 0.14153633808463978 -0.11362246902521622 0.17473645861146736 0.129085951215216 0.1
0.04233970984468058 0.09779810271406755 -0.07287027995487125 0.03483074199435754 0.1229688371536557 -0.04881788185798408 0.1
0.08225021196544678 -0.16200535859392873 -0.1514685152970997 0.11490486469892114 -0.23465775669520428 -0.14121024119831982 0.1
0.23883741432824107 0.10354938677791282 0.01736395741852992 0.28505680812722783 0.08367766468440613 0.012406674889532121 0.1
-0.02391604172923855 0.13612997594569423 -0.2066938143118099 -0.061248831099037365 0.1647005729305212 -0.21542551408578375 0.1
-0.02257533820292622 -0.14736647547968743 -0.22907736495401584 0.0147462404871756 -0.08746510690364231 -0.2278335930123182 0.1
0.04044188850215402 0.0954646396398856 -0.07102080533122083 0.06903481238105769 0.031463435394979866 -0.12243009984664333 0.1
-0.23832173193722977 -0.06106251958187088 -0.051042329304389907 -0.2603554416889968 -0.0165517264973562 -0.037046431816977865 0.1
-0.17191952215484216 -0.02888573269094537 -0.09298945098676425 -0.17832237528780287 -0.04584741797141734 -0.08534526955179678 0.1
-0.19741039033291766 -0.030042288366961753 -0.1173060684153195 -0.2017894433090109 -0.035175514000508334 -0.14232002620530657 0.1
0.19040346687697285 -0.016114212920613435 0.22937020315146445 0.18981858331191365 0.03154879950630274 0.21108514965434583 0.1
0.1071749777487618 -0.09469244277511582 0.12540761724928656 0.13713523796969207 -0.10220930545115242 0.17505685270822252 0.1
-0.2017894433090109 -0.035175514000508334 -0.14232002620530657 -0.23510068531419742 -0.06460863596072436 -0.1672691233610446 0.1
0.08723938692612966 -0.20422193614503242 -0.04738389069703784 0.11023586836562776 -0.23853223093684175 -0.06178450063039556 0.1
-0.15282958745808134 0.00042004933170581085 -0.11164839650809437 -0.13401016187448625 0.0038057515942824804 -0.09006139169767263 0.1
-0.16042380430214068 -0.09088837830446206 0.1889798876221484 -0.16165722618370798 -0.1387745827458904 0.18015336215011413 0.1
-0.23412932516249957 0.06378487982705106 0.12193049788032945 -0.23760549721726013 0.08038899180442993 0.15061937972095124 0.1
-0.10423822041037659 -0.11007446406451438 -0.03187382163228053 -0.12050781327371032 -0.06695752969853683 -0.008236748202411104 0.1
0.12609970346525395 -0.09683499117332416 -0.20766917068412427 0.09879935192066319 -0.04616733590032729 -0.18060543604470958 0.1
-0.09328172354741263 0.16252365394118867 0.14153633808463978 -0.07951480664884364 0.12412308565207325 0.08972053450517808 0.1
0.23096288620310212 -0.13551971364758383 -0.06908241177358102 0.24687052521045733 -0.13419770835777037 -0.0782858759162103 0.1
-0.0888272964081446 0.043167417523035864 0.11135029394011095 -0.07206365772838957 0.036270353225868135 0.10093093772566258 0.1
0.21633070429727624 0.13622655762679697 -0.13780325685677122 0.21618640700605168 0.09179985656714584 -0.09342650118063667 0.1
0.026457612615639937 -0.18032682219531784 -0.22420759597484038 0.0014718445877383024 -0.19810829809697117 -0.2109726373935746 0.1
0.18882588185387006 -0.18915972682678833 0.04324459286618821 0.15444393349303553 -0.1778274407536608 0.03978696333259796 0.1
0.11553728946111635 -0.07723184610985495 -0.1971983029631459 0.09851826304868944 -0.05898708899760677 -0.24852323968809892 0.1
0.0025056410109652524 0.04882018965395235 -0.03405097815135116 0.05166476504468687 0.04157215199057662 0.007248429554270741 0.1
0.03173788094851965 -0.052084272772816895 0.2586182119427951 0.03317646448017575 -0.0626197994245643 0.2732795599834685 0.1
0.07051841813078014 -0.22536185897332717 -0.03814579359526904 0.05898958161881229 -0.22864983471239186 -0.04947647940188604 0.1
-0.14991317921290223 0.09444838243618506 -0.008855542064280554 -0.14437356951508787 0.1549162298122943 -0.024074875563287468 0.1
0.09851826304868944 -0.05898708899760677 -0.24852323968809892 0.08316550658484778 -0.04200193171757216 -0.27855439049970976 0.1
0.1899773117641343 0.018613787065096483 0.2160474334553543 0.1620768745149493 0.001263348434467848 0.17171309967903642 0.1
0.1426669230762621 0.15868052043499306 -0.13339729338433104 0.14881367960596192 0.17614042082901116 -0.1196093047819399 0.1
0.2324597220013554 0.10801346735562141 0.016758625911616667 0.18047915944057857 0.02930779707970038 -0.016004279730514104 0.1
-0.08695392673738439 0.14487329726994344 0.11771983080019116 -0.03878792020490579 0.17727391606578874 0.10650501359640618 0.1
0.2220238050573516 -0.10302142400818039 0.017409425739836705 0.2479701578202202 -0.11697198098228304 0.03479244036577961 0.1
-0.0696680984368247 0.22187465986505328 -0.02486946878148854 -0.059472261820808836 0.16091679867766784 0.016628835343719506 0.1
-0.09000429382189865 -0.1473705593294254 -0.14081800527777155 -0.15748611720819017 -0.13721633924492027 -0.14516447247695566 0.1
0.021791762422419828 0.16113735705420393 0.27208766600835366 0.019392196955136498 0.12191340960939856 0.2695679400258853 0.1
0.13666276392865084 0.1891196371885881 -0.1694022939253569 0.11645242504978792 0.16871570637743438 -0.19864433048126062 0.1
-0.1437183313478062 -0.029925594209085363 0.11438591178618866 -0.07556242499560459 -0.05173186808504035 0.1118281380002838 0.1
-0.10423822041037659 -0.11007446406451438 -0.03187382163228053 -0.12246481417387584 -0.11802484714820033 -0.08646650721547913 0.1
0.11417428313950663 0.12905585042776474 0.15011681855135642 0.11321005588720834 0.12478941279071198 0.16032603963245812 0.1
-0.09629031886191917 0.056753676999574565 -0.027201893969749605 -0.12770837226820236 0.028953769165252774 0.02601158419006172 0.1
0.183158313347505 0.13436483910079555 0.03550426926102135 0.1759690036542289 0.09598232911395743 0.04814272251807605 0.1
0.06685977120331972 -0.17203721232157365 -0.17352570835252493 0.009674220444655823 -0.1680835340150358 -0.1354225776943491 0.1
0.0 0.0 0.02402877821621513 -0.033312626788638 0.0014359763442606255 0.02402877821621513 0.1
0.10323823400210026 -0.06404699792159599 -0.23428904058311723 0.08732657674769634 -0.09308604802635115 -0.2393355056619052 0.1
-0.13219106501224862 -0.17974919109919155 0.04437183966228968 -0.10897263800029405 -0.1991147291863078 0.03367990767028434 0.1
-0.08845004205384918 -0.14551349801268038 -0.0007226305940853626 -0.08067658312915418 -0.17923994054348075 -0.00771112384957523 0.1
-0.187890866475788 0.08490445833544924 0.08203231359458135 -0.17988606707492627 0.10419196175078121 0.08653390675789197 0.1
-0.23071364970076072 -0.06073234235888299 -0.16398336842797204 -0.2194958171530274 -0.11007532742511958 -0.12074981348883543 0.1
-0.022570964590439155 0.23133055133926617 -0.01975058258646975 0.020386754177277477 0.26652163074836527 -0.062033932724361196 0.1
-0.22705172728943104 -0.07683974832051578 -0.14987031021646685 -0.23599053191837194 -0.0547357023180976 -0.122323335951184 0.1
0.013760458083792143 0.06265853126051832 -0.04501908041871693 -0.003955822626493133 0.09422620614985389 -0.023369868508555103 0.1
0.05898958161881229 -0.22864983471239186 -0.04947647940188604 -0.006189052581270504 -0.22098763091132587 -0.06179179993341996 0.1
0.11747335434024164 -0.10115424685830052 -0.20924323956965998 0.12264092364070422 -0.12906868766776128 -0.23760715347394773 0.1
0.2358370665591813 0.10564948717720118 0.0170791827785473 0.24473907450637683 0.12543048588932676 0.06916585598105829 0.1
0.14916733818098912 0.16631416513561495 0.008853022814422466 0.17549934336534995 0.2013876225500854 -0.009924601097386021 0.1
0.05166476504468687 0.04157215199057662 0.007248429554270741 0.06452721587447657 0.015950417292281527 0.022767467491141447 0.1
0.16544676194351482 0.11684274621945234 -0.14515118956673334 0.16142819659208435 0.10673698177111274 -0.10809966637010743 0.1
-0.15379327483126068 0.053183400175191964 0.1519440717553061 -0.18212940490742763 0.1029166180594549 0.20578397784065056 0.1
0.25365396613521923 -0.12355400257010032 -0.028143452730672924 0.23885265307619014 -0.10711624148747684 -0.015489112641826952 0.1
-0.03617136703778385 -0.2533148731851861 0.11654152777943036 0.00886026242111182 -0.2157362871773682 0.12773538161934384 0.1
-0.11256929554839976 -0.11370845293296106 -0.05682723703625581 -0.07535160967215598 -0.08770858045641544 -0.07303930973692038 0.1
0.09817918541330964 -0.057580299790907744 0.24814953572510898 0.0947172802358569 -0.08432810938700866 0.24022047096253535 0.1
-0.05993399585141965 0.14282474166677187 -0.15350878209524044 -0.03192400777855131 0.2021942191732103 -0.16690558169400233 0.1
0.02221658559962849 0.2371335582505058 0.13499987575974967 -0.0036328466026792627 0.25777124366805265 0.10032882407200494 0.1
-0.07898990388265636 0.02124587277811426 0.14168852126828632 -0.05713582262571121 0.06076630354426582 0.16315852044537593 0.1
-0.052163331119832325 0.16453209800941024 0.17134888393776865 -0.05214832445766823 0.12603498300941318 0.17392170186547495 0.1
0.17335064780415632 0.008274167291642591 0.18962734322505256 0.22859883647167872 0.03356261328516402 0.14496186429139424 0.1
0.03486157500860168 -0.05234266485419992 0.25812603404259393 0.03497005450154911 -0.04297289213648625 0.25389541270424415 0.1
-0.23412932516249957 0.06378487982705106 0.12193049788032945 -0.25570423106145085 -0.00542016867571532 0.13053570012751553 0.1
-0.12491781278377279 -0.03594076264802793 0.11368036070311735 -0.11344177179354631 -0.0009391284825285839 0.1210714577615124 0.1
-0.20797867328439257 -0.1802423147279314 -0.04020947623129156 -0.21693789518138915 -0.1836055214398816 -0.011374531134076438 0.1
-0.14585001378799853 0.22413409637446285 -0.0048646609749932734 -0.12105252077669237 0.21753554987045692 0.051766392912370784 0.1
-0.07052385443539118 0.16363527101872655 0.1580367403709548 -0.09080088136897937 0.20929981536264602 0.1829270691325433 0.1
-0.02199091897517957 0.060058215281217825 -0.10156846517070695 0.008688204653728715 0.02812090728380473 -0.09593955232553333 0.1
-0.06137824244869994 0.05309440661462057 0.1589906604910944 -0.0389148080902022 0.05455603532014153 0.1334349112189418 0.1
0.046625654590104204 0.1675076599811004 0.17735422112592786 0.07698829822434733 0.16187341240670083 0.16135166172889304 0.1
0.2545494320172392 0.09679410888738202 0.015678757670482116 0.23929513158109045 0.05203029973394052 0.05289460229470305 0.1
0.14881367960596192 0.17614042082901116 -0.1196093047819399 0.14420831797895517 0.19260911707458533 -0.07616728241687806 0.1
0.019518902713050103 0.12398457626732856 0.2697009906947236 -0.028407882476582602 0.1282306554006814 0.24924458931108034 0.1
0.09101486776619204 0.21879792332653303 0.13630217423090307 0.09054840231450345 0.1963879366655098 0.11069912791444059 0.1
-0.07535160967215598 -0.08770858045641544 -0.07303930973692038 -0.049600114762442526 -0.07016018426173826 -0.06412655086594976 0.1
-0.19212282549987503 -0.09269660618619932 -0.011963467307546605 -0.1839992155398516 -0.09203531363449693 0.0039190095735742725 0.1
0.020524644990617385 0.14042471210699803 0.2707570964701256 0.07767673620549131 0.13928533148382088 0.23406692483148422 0.1
-0.016438626598201445 0.13711089575685495 -0.23545422820819373 -0.022741482223530063 0.08301773700040638 -0.23893784007327312 0.1
0.11987397307338303 0.1721700289179381 -0.1936937439035962 0.10380608030090399 0.1810895202358167 -0.1888122482523799 0.1
-0.046357229651942305 0.027323029660273744 -0.013095859071063561 -0.05092484710092368 0.011990993971985886 -0.028915789149311588 0.1
-0.003955822626493133 0.09422620614985389 -0.023369868508555103 0.016989076234410372 0.10301391456651221 -0.017807230598375412 0.1
0.1932632965335025 0.04866472646309038 -0.00794654705780962 0.22210930710428906 0.0372396664528315 -0.02626649882306814 0.1
0.04615431580923498 -0.03566332668900384 -0.01598417285949792 0.05771066806754621 -0.04271413790379425 0.03311632939402165 0.1
-0.07556242499560459 -0.05173186808504035 0.1118281380002838 -0.049839628722719076 -0.05971817382351957 0.11720788088371792 0.1
0.16859126100868102 -0.13027005411833373 -0.058386562801658735 0.1626464080891128 -0.13112776362336373 -0.07363864040054385 0.1
0.12627345570269494 -0.19379653105950245 -0.00988912354352478 0.11773152015037125 -0.2342581847749864 0.039507057251226496 0.1
-0.028407882476582602 0.1282306554006814 0.24924458931108034 -0.04785987811640785 0.13708437932460893 0.2404051432853191 0.1
-0.12467375802405448 -0.02659568793841026 -0.06720171627862653 -0.11388270105347811 0.009259852011799408 -0.05042801122213231 0.1
-0.15748611720819017 -0.13721633924492027 -0.14516447247695566 -0.18239954743155656 -0.12820227187593058 -0.19995505193318241 0.1
-0.12304525165992458 -0.2524076740027942 -0.036218970977552195 -0.06700010011532845 -0.2435265383486898 -0.0038528813122939987 0.1
0.10380608030090399 0.1810895202358167 -0.1888122482523799 0.060736654604712115 0.20075182918274187 -0.1572164742392188 0.1
-0.13902486705387332 0.08194149207251947 -0.03927435008477884 -0.13771359543202605 0.0697097943695757 -0.06943609485460894 0.1
0.12232493478348462 -0.08982926899458947 -0.20392711858044651 0.12204421839688406 -0.08815502368703484 -0.20734474520723983 0.1
-0.14633172298798922 0.19423060321390162 -0.16033639669133273 -0.17549235955957893 0.1730810322146648 -0.13599075807607758 0.1
0.2054734828762354 0.04382862923710358 -0.015701173102016384 0.2050894436430511 0.040001603617820736 -0.013919181642683909 0.1
0.05773837809265519 0.029473641043134415 0.014576475550527768 0.07312943483661904 0.017244907019668854 -0.018369386912908237 0.1
-0.04307158112863702 -0.1347733118959928 -0.2205513567024045 -0.04089440961017632 -0.1075512503730324 -0.25552528925218554 0.1
0.1874197683585135 0.1379502284719628 0.017046974799842542 0.20668229545124067 0.16296168401660988 0.026352899881790848 0.1
-0.1363068585453198 -0.07748832046926676 -0.18176743188861622 -0.1401777650345419 -0.07884064803385474 -0.16843236887815946 0.1
0.0829386995642388 0.2291201763658328 0.1274143920247731 0.07665342969778766 0.2429893917470049 0.14923338384518292 0.1
0.060736654604712115 0.20075182918274187 -0.1572164742392188 0.03667255645786488 0.2019283083715186 -0.13316985701926673 0.1
0.051846099711796 -0.2616268403274113 -0.008623442439226248 0.001505638181882818 -0.28298223946195494 0.0355489800203444 0.1
0.24473907450637683 0.12543048588932676 0.06916585598105829 0.2245696649707381 0.12283931665000208 0.07378099378698255 0.1
0.08316550658484778 -0.04200193171757216 -0.27855439049970976 0.06464510843151061 -0.007341264301375994 -0.2920103320521196 0.1
-0.1041481316832924 -0.1746111836756345 0.08718447044001193 -0.09563721366938882 -0.20877178497334678 0.17043516868029246 0.1
0.05556852028805902 -0.2543972339249739 -0.01450887160431516 0.03339757516344444 -0.2392294518211547 -0.009899604969623943 0.1
-0.13839170760035618 0.0030174911231131414 -0.09508728625759408 -0.1117829675866098 0.007445089214903888 -0.11897905521620808 0.1
0.07311202176922123 -0.0424001794764326 0.24436481460742432 0.059748807824396954 -0.04189148541656751 0.24545565421713794 0.1
-0.12696090160110365 -0.1551488279540556 0.09750274291960559 -0.1948346882621459 -0.17882014294547807 0.11623400320333677 0.1
0.18047915944057857 0.02930779707970038 -0.016004279730514107 0.16749235471494833 -0.0056705671236403354 0.0658118790882728 0.1
-0.18568625568731692 0.06510932463674621 -0.21179185140457724 -0.17239055471290274 -0.014031462859604382 -0.23275687147505092 0.1
-0.10029493073382546 -0.11829790897093394 -0.0246415724703547 -0.10714684483460116 -0.12913217698142743 -0.033224783938548 0.1
0.009674220444655823 -0.1680835340150358 -0.1354225776943491 -0.027246079661710332 -0.17423836267368267 -0.09152419913049151 0.1
0.02345147669149225 0.25286102391720017 0.040053649613382016 0.011355407182299104 0.22205987417665313 0.06490295140606767 0.1
-0.08067658312915418 -0.17923994054348075 -0.007711123849575229 -0.09054759480739474 -0.18348347543191856 -0.05211913693034112 0.1
0.012456862345116337 -0.13967578088260882 0.22643927350447174 0.06011065438886398 -0.16499904319370276 0.2023958256487785 0.1
0.15441848594262525 -0.11125602299742768 0.09439134997028509 0.21759963475965177 -0.1474271218335936 0.09957084645264969 0.1
0.11847765054159683 -0.23072389569829632 0.035192345266375324 0.12532973955650484 -0.232349094057805 0.03504601592752793 0.1
0.11265281433507211 0.1911421893014777 0.16011462484895386 0.13132734916285466 0.1954084926116697 0.14810028656121388 0.1
-0.005719913179752056 -0.021731682796825292 0.04070760088650449 0.007409487393358838 -0.025187422146718264 0.02965114997988949 0.1
0.07397680381207838 0.23217646873045045 0.0712957009448259 0.12278621929596123 0.2537485743794912 0.07022112638467498 0.1
-0.02554422355941833 -0.10575852487533592 -0.12623494894877174 0.0004969140009730699 -0.1281081910108546 -0.12889504312045663 0.1
-0.13713600437621878 -0.10865756133320495 0.07119934741031284 -0.0864434692704095 -0.11116033679971452 0.04716598807026012 0.1
0.12189367865830415 -0.12503218140755373 -0.23350565214636815 0.1101609002121342 -0.13875036775395871 -0.2221424264589712 0.1
0.11773152015037125 -0.2342581847749864 0.039507057251226496 0.08663828457034084 -0.26377231078464214 0.068857650369892 0.1
0.08102773640421528 0.14341554469754741 0.011231380698412877 0.08657917647936741 0.12857990777624617 -0.003680707847677711 0.1
0.1728937887129606 -0.1839085108304847 0.041642377796879605 0.16853111077681415 -0.20020523176821678 0.031611882664928315 0.1
0.0014718445877383024 -0.19810829809697117 -0.2109726373935746 -0.05173907515963394 -0.2091083953162843 -0.2027562089820207 0.1
0.11645242504978792 0.16871570637743438 -0.19864433048126062 0.13321471856020783 0.11886982542413971 -0.1942002555213065 0.1
0.1138116292906757 0.11991227793938786 -0.10340102634194352 0.1255402583704744 0.13915816660892155 -0.09466420124942365 0.1
-0.08671219043283948 -0.1111470695852961 0.0472933889241625 -0.07464686252312447 -0.08453609540801993 0.06997106613124443 0.1
0.18061858909508538 0.1442997889076516 0.011838182984328836 0.17476893133949623 0.1327188677585418 -0.011935315712889638 0.1
0.0727015484202328 -0.001092260542233936 0.2200731259554573 0.08631842203355805 0.0010638784199671347 0.18691108237312992 0.1
-0.04554660693849044 0.03281268519685138 -0.12776908804822215 -0.0143496084190608 0.013893593995245479 -0.14968764814969285 0.1
0.04382622300775035 -0.12629439358558206 0.07066010390154469 0.06302581008628338 -0.11825711479809897 0.046370408725789236 0.1
-0.20797867328439257 -0.1802423147279314 -0.04020947623129156 -0.19819313065555808 -0.2043185445953047 -0.0497821552848039 0.1
-0.04175147695373195 -0.1355844014152941 -0.2211004924210346 -0.04390829093367549 -0.13913444105247655 -0.221041889779986 0.1
-0.0034018911781317 0.09445861539104167 -0.023222752970076768 -0.02288793470283773 0.13574596878367623 -0.015076979571594595 0.1
-0.11749586556645206 0.0546392285003941 0.25303144012249995 -0.0968913043379144 0.0464977128390735 0.21164169473636546 0.1
0.23005923477190882 -0.07943498213424098 0.02434458110832477 0.19278208661886242 -0.07220013407599263 0.042930117250160604 0.1
0.13132734916285466 0.1954084926116697 0.14810028656121388 0.16746659641161327 0.1830764911247027 0.16154827141965328 0.1
0.020386754177277477 0.26652163074836527 -0.062033932724361196 0.022199334625697564 0.2873141886138337 -0.06228926400280768 0.1
0.05898958161881229 -0.22864983471239186 -0.04947647940188604 0.061166218867867383 -0.261978597270691 -0.05408553005559674 0.1
0.1262761324333565 -0.09948481626116204 0.15706147203825385 0.11207002058597343 -0.12745477028545713 0.16139935362351382 0.1
0.018953343331618536 -0.22394329520064293 -0.057041214585966275 0.019401642538393382 -0.23102871021773108 -0.06382215249763484 0.1
-0.07490532616395035 0.03743950094407588 0.10269716260315406 -0.07467038694927447 0.04089734650856991 0.10078624347613063 0.1
0.22210930710428906 0.0372396664528315 -0.02626649882306814 0.20449814544734995 -0.0016611618135764505 -0.06478696961689795 0.1
-0.03477861736204485 0.0119714247425029 0.11637384656072852 -0.05479356152718878 0.011059385965601631 0.09910970664713326 0.1
0.0 0.0 0.11553277611787627 0.057351011781697825 -0.008036345231124786 0.11553277611787627 0.1
0.18814090148328755 -0.080644008090916 -0.17539766867502862 0.1918138833447211 -0.006934519961834473 -0.2194397857693051 0.1
0.2220605189631812 0.030569865591711907 0.15024777664401112 0.21037679987937946 0.04499419636446861 0.14396248846972243 0.1
0.1169968475315215 -0.0718274155636209 -0.05745716101542332 0.12318406366755719 -0.08059420012444901 -0.06275356744881497 0.1
-0.13154724959373648 -0.1740846316252375 0.03551012402412962 -0.12445749183143942 -0.15240563642604796 0.04988278708429317 0.1
-0.15349989879007458 -0.06562117647289983 0.1580629754299966 -0.14517842595494723 -0.015968564643423 0.2005057539337422 0.1
-0.15331308258860524 -0.035342654302632066 0.06274842798269907 -0.16175981141569465 -0.04398515268964798 0.06629384101201913 0.1
-0.17548685690119645 -0.17207249215014048 0.1108945447323142 -0.15768622076899447 -0.1898973197571969 0.1528703359179387 0.1
0.020779707418382108 0.1671966387364043 0.1923660624076676 0.021529788765667024 0.10058028087508036 0.19227729650362418 0.1
-0.17660783729745114 -0.09510969742416589 0.10534883321053362 -0.16153563522846318 -0.1044456361071005 0.1250161602219581 0.1
-0.08453520152565691 -0.2463052196447817 -0.013979406959824497 -0.06434463245731631 -0.2824374359393735 -0.03902686858387322 0.1
0.20449814544734995 -0.0016611618135764505 -0.06478696961689795 0.24496385184924857 -0.05458709304427517 -0.10065065013435179 0.1
0.1101609002121342 -0.13875036775395871 -0.2221424264589712 0.13444351584543818 -0.1779624948007826 -0.19433769732630232 0.1
-0.12802126102566747 0.21938991299443217 0.03585159441290894 -0.10811559876235674 0.19009508488706256 0.02372196306577845 0.1
-0.25570423106145085 -0.00542016867571532 0.13053570012751553 -0.2724897869386314 -0.02166319520440968 0.11038776681988516 0.1
-0.0143496084190608 0.013893593995245479 -0.14968764814969285 0.023021063081409443 0.04347013089393359 -0.16513360296440122 0.1
0.21037679987937946 0.04499419636446861 0.14396248846972243 0.2086435989572088 0.036839230554674474 0.12794760782440595 0.1
-0.1115146497233322 -0.14413382272453454 -0.14220347549296064 -0.1131303626746796 -0.15103405978817985 -0.13323878567462485 0.1
-0.10811559876235674 0.19009508488706256 0.02372196306577845 -0.10895823923364747 0.13736861768605374 0.0415175833385667 0.1
-0.040153530539238924 -0.08559187219322734 0.2489824621893711 -0.05121351049506745 -0.047235962210153526 0.2557595280843504 0.1
0.10918987999537291 -0.2423660268557786 0.04756997511997426 0.09705815676264629 -0.25171968961251673 0.025312172455481008 0.1
0.07761645327417029 0.14117256390571845 -0.10724835354688243 0.06730852384233482 0.13417385663931486 -0.12665593718558688 0.1
0.2157223939186801 0.08267086695889211 0.006209230644243072 0.20941718096139778 0.07970979414897744 0.023326202592665823 0.1
-0.24994653873478886 0.03131548195344391 0.05068564137346132 -0.23124709819463657 0.024133682871714468 0.07914248781385602 0.1
0.27677115802571767 0.0872400250411284 0.013295356135942273 0.27696366936399724 0.09012020150015848 0.0035447904708532096 0.1
-0.09396496272545035 0.05461614052229474 0.09550588311001695 -0.09620938568847914 0.08278112684442057 0.06226974230553939 0.1
-0.05479356152718878 0.011059385965601631 0.09910970664713326 -0.06850321815448102 0.018940633345439162 0.08708312014299602 0.1
0.23929513158109045 0.05203029973394052 0.05289460229470305 0.264570197926883 0.04538044371658889 0.06862050706098854 0.1
-0.16165722618370798 -0.1387745827458904 0.18015336215011413 -0.14581472450837904 -0.13981446078684603 0.17487223797655765 0.1
0.22754085781879624 0.026206832296857108 -0.13038020943267803 0.24623750745896095 0.05079771833363794 -0.11787068960777569 0.1
-0.09837060853465636 0.21705966432448154 -0.024890330509967893 -0.10202346973848242 0.23874813089161656 -0.00492957861865384 0.1
-0.2194958171530274 -0.11007532742511958 -0.12074981348883543 -0.22133026261971264 -0.1509447144158356 -0.13392305911950056 0.1
-0.15576486136195836 -0.07388663681821939 0.16817658094229157 -0.1342513995184474 -0.08238423912363577 0.16604980142806547 0.1
-0.11362246902521622 0.17473645861146736 0.129085951215216 -0.17939671099145657 0.20615421556392483 0.11779421104830329 0.1
-0.11955482702837576 0.03616834109493261 0.012201737477605099 -0.08020537750154721 0.017504561827593967 0.025683881251688134 0.1
0.1918138833447211 -0.006934519961834473 -0.2194397857693051 0.12843227104433175 0.009933564659517669 -0.22015440588950025 0.1
-0.12246481417387584 -0.11802484714820033 -0.08646650721547913 -0.12989173062417939 -0.14215273182204924 -0.09989556259489044 0.1
-0.11828642657184783 0.06971822013300523 -0.033415766732292726 -0.13219272144046787 0.04900790588871706 -0.027399454703090964 0.1
0.02139261812205821 0.11276270444258968 0.1922935295111936 -0.011215820358070894 0.11241107726836425 0.18063522661643633 0.1
0.035323063636969854 -0.13106813940627896 0.06235925560581482 0.011019846232298347 -0.12341015462775878 0.08285075863337027 0.1
-0.059472261820808836 0.16091679867766784 0.016628835343719506 -0.09317869273932713 0.13460013832519185 -0.006940147238500227 0.1
0.2086435989572088 0.036839230554674474 0.12794760782440595 0.19300316065774087 0.028744019614818817 0.10939594743753533 0.1
0.17476893133949623 0.1327188677585418 -0.011935315712889638 0.18342140282320651 0.10285652767537218 -0.046555503138801246 0.1
-0.045213004762598805 0.22597712918165 -0.024851694185384226 -0.048664544088951045 0.24643514090570434 0.0021166918694411896 0.1
0.07712283192397688 0.2161167094648141 0.020634404274303752 0.07250493746548592 0.19979308563338571 0.03875826578443292 0.1
0.07312943483661904 0.017244907019668854 -0.018369386912908237 0.1263031971781191 0.0030680631706432315 -0.01273641790937513 0.1
-0.08105289838725713 -0.14345730037136414 -0.0024178227759182325 -0.04526822636519434 -0.1281212205240794 0.0009548825644605241 0.1
0.21208489097357291 -0.13219517421875535 0.008831426079135585 0.22765047721450077 -0.13499615957958983 0.0003224752818815624 0.1
-0.13753748444788816 -0.07791824801579181 -0.17752799236747524 -0.15927005875978148 -0.0977105318010291 -0.18584369464600053 0.1
-0.22610578868847594 -0.1720717839459795 -0.04678998514458469 -0.21480811474484174 -0.1443757088838003 -0.043523156584046485 0.1
0.012456862345116337 -0.13967578088260882 0.22643927350447174 -0.01133882159051297 -0.1490863570988323 0.22600913533382877 0.1
-0.011387417253197432 -0.17159463145810433 -0.1103802096157713 -0.03008307965545276 -0.16372270986040582 -0.125000319946198 0.1
0.16363989797728062 -0.13098442522092354 -0.07108974893543017 0.16580020899566766 -0.13599017532444538 -0.07165027924782924 0.1
-0.1401777650345419 -0.07884064803385474 -0.16843236887815946 -0.1606741469018446 -0.08794577805109868 -0.14226529379369338 0.1
-0.11937610897641904 -0.23095611624392567 -0.07496447692039565 -0.08333193801377381 -0.23951728986322765 -0.08411413965537168 0.1
0.23652571866332012 -0.13505741412372904 -0.07230082332135367 0.23271901887863305 -0.12084609129213056 -0.07683913209055868 0.1
0.25073908482595897 0.09843234241320889 0.016087438226590218 0.2666844986627607 0.13702739779612094 0.010043228890828981 0.1
0.12544859229168376 -0.19770376467118989 -0.005119115395875007 0.1663156370420643 -0.22609221068729762 -0.021305788067494613 0.1
-0.04800303299495176 -0.05836986900645173 0.25379228965719874 -0.08291925649851642 -0.0710164077624445 0.26838514909994454 0.1
-0.14628892046952593 -0.022594669680788763 0.19484179592465894 -0.14152456128748245 -0.01654269281008991 0.18682764237809202 0.1
0.18728392125606239 0.14508050695297003 -0.13606591643044277 0.18937055186199703 0.15020591222101215 -0.12729974271595623 0.1
-0.004306886273742219 -0.19930291381837428 -0.21008032941133312 -0.003017028353185791 -0.18827304288796604 -0.18696028633031744 0.1
-0.059472261820808836 0.16091679867766784 0.016628835343719506 -0.038495272117013424 0.14315533274576464 0.01595055599870271 0.1
0.016139161272351217 0.07114785066751685 0.3082901282149315 0.04105142571972964 0.06549675861338589 0.27694508658004885 0.1
-0.1606741469018446 -0.08794577805109868 -0.14226529379369338 -0.17089045245470566 -0.09652895157928285 -0.13354917489840104 0.1
-0.12022614556824604 -0.08736852387028633 -0.18845667205966915 -0.12224563724945942 -0.05442281265914278 -0.241973242684787 0.1
0.09705815676264629 -0.25171968961251673 0.025312172455481008 0.09416337714008638 -0.2822395027546369 -0.009056834880577624 0.1
0.18172537090760638 0.1267146014762553 0.03802331167529464 0.1524542197492304 0.1314462141330177 0.03574232047187054 0.1
0.08663828457034084 -0.26377231078464214 0.068857650369892 0.050786758672718424 -0.24523756748593312 0.060282625944228174 0.1
-0.03654745846021283 0.19239443452021662 -0.1646942475771922 -0.07108667575750063 0.22054851080498822 -0.11214067095840588 0.1
0.059748807824396954 -0.04189148541656751 0.24545565421713794 0.04595704641811482 -0.04405716017928335 0.22575716295018783 0.1
-0.022741482223530063 0.08301773700040638 -0.23893784007327312 -0.05226202985500711 0.05345901547577492 -0.2841664009719893 0.1
0.10959728525601933 -0.19825048212407387 -0.025907672147553174 0.1087982152441408 -0.2034072832119485 -0.02364195080729964 0.1
0.1101609002121342 -0.13875036775395871 -0.2221424264589712 0.07186325056558662 -0.1372700814413041 -0.24069242887385736 0.1
-0.05226202985500711 0.05345901547577492 -0.2841664009719893 -0.05825493316086419 0.03511385845934689 -0.28977556917131836 0.1
0.0 0.0 0.17634502985925604 0.03542808518156848 0.006721888103782436 0.17634502985925604 0.1
-0.04840333056080583 0.05393864545024532 0.14422962307608939 -0.04587010991076168 0.032070257801931734 0.14520558243427578 0.1
0.23601741854155764 -0.061945891923859436 0.029486923412888826 0.23828752306916728 -0.0719792543857875 0.06098009746988792 0.1
-0.09317869273932713 0.13460013832519185 -0.006940147238500227 -0.07354188887076368 0.10214336486616593 -0.017001560277030592 0.1
0.1275495317213679 0.13571634040560382 -0.19570222868257467 0.12140348561502434 0.13459858754146736 -0.1850573919081196 0.1
0.07965474769560989 0.1921152294364673 -0.17109480635992783 0.09730454057187032 0.21079406272925233 -0.1586596796970151 0.1
-0.12108758420216154 -0.20943906161337505 -0.10183977858186047 -0.1438520536249435 -0.20743333340519787 -0.11272739083098007 0.1
-0.1294413262208973 0.18229250176426615 0.12637026161011483 -0.14522473308124878 0.1540996562841077 0.139865582308079 0.1
0.06011065438886398 -0.16499904319370276 0.2023958256487785 0.10181094051320028 -0.1701725313249073 0.21708408446345379 0.1
0.264570197926883 0.04538044371658889 0.06862050706098854 0.27394293351535665 0.018963490865186672 0.08962363837763149 0.1
0.0004969140009730699 -0.1281081910108546 -0.12889504312045663 0.0004152594123372766 -0.12986537093843767 -0.12831143760203748 0.1
0.21926977145775256 -0.020981275853535153 -0.07787866930697265 0.2150388804280115 -0.02301638320869792 -0.07964915246389773 0.1
0.07677949093722476 -0.00044654618839735786 0.21014185161783133 0.09731019170650179 0.0485974912039438 0.22176084959957382 0.1
-0.104635784718061 0.04955780267085433 0.2271985448690548 -0.09693754813275149 0.06925404357803006 0.22715654251497125 0.1
0.007877014782689172 -0.21655680058963936 0.12749096829286205 0.004013306348892354 -0.2309172898941409 0.19124345060837394 0.1
0.19057018145644483 -0.13195280638945345 0.09735501212666049 0.2120696000093743 -0.08624809347726034 0.15427786668543936 0.1
0.22210930710428906 0.0372396664528315 -0.02626649882306814 0.2917974378009533 0.01579296717079881 -0.017560707026861078 0.1
-0.1839992155398516 -0.09203531363449693 0.0039190095735742725 -0.151525688350902 -0.11098525373120591 0.00040621279569386104 0.1
-0.12050781327371032 -0.06695752969853683 -0.008236748202411104 -0.143268628377947 -0.0563776184803389 -0.027368221140037174 0.1
-0.20434499749467006 -0.0855160048407998 0.1558335766640072 -0.20165405993414076 -0.08046471278583958 0.14600413538919876 0.1
-0.043858598957942106 0.17386293929729668 0.10768565403991219 -0.04529671238589006 0.18417077254280023 0.13128942662252507 0.1
-0.09925313334153893 -0.10440592616096821 -0.06262777472979544 -0.10625573619776887 -0.09255249294608123 -0.059693721851096726 0.1
-0.06700010011532845 -0.2435265383486898 -0.0038528813122939987 -0.05345055942114657 -0.23804806760041528 0.011459363599118144 0.1
-0.04058900897805644 -0.13629863716237944 -0.2215840547787197 -0.030183341814414733 -0.1291835601657417 -0.20707835060731256 0.1
0.07602875655436168 0.16205146987072727 0.16185738589286397 0.07965938466378608 0.17553310039826764 0.16399933222193214 0.1
-0.23740269088210075 0.07942027706716709 0.14894561706068582 -0.24463224140198303 0.11130763142746575 0.1296143525301462 0.1
0.21554354160370795 0.02273672103951888 -0.040627639963613904 0.2172997602252163 0.004826603318991984 -0.023343599817985616 0.1
-0.10315992377601134 0.21625623175182795 -0.024893811508452927 -0.10162975721323231 0.20714279760210635 -0.02673816632135717 0.1
0.07335294920957991 0.1393715302390574 0.23684268480170959 0.054732171244429084 0.1387756855218119 0.20785569838731882 0.1
0.10347708734357591 0.15142366128127918 0.016965861522413042 0.09647913618092441 0.15877980657531005 0.023701155016468967 0.1
-0.06575979982138572 0.04956892215883857 -0.12974966521477319 -0.06612814632772876 0.05057489760329659 -0.1174795944918785 0.1
0.0369409083082387 -0.09452927278597538 0.1508114630709173 0.024627359732979026 -0.11956385652921586 0.142994854079166 0.1
-0.17167548112849976 -0.1320824062154645 -0.17637027048785633 -0.16769665307052387 -0.11246235092569346 -0.17495159147873499 0.1
0.25965897064401905 0.0945972966128854 0.015130731734098448 0.2568610634827094 0.09120771580116849 0.0026317941336664874 0.1
0.043039041216011285 -0.12673632412276054 0.06989165110071391 0.03459048869554221 -0.1092762916204876 0.06850500141830485 0.1
-0.0742193434449702 -0.2001444584646488 0.0736476052044599 -0.04823978192704087 -0.1804631121454925 0.0939630598259289 0.1
-0.10162975721323231 0.20714279760210635 -0.02673816632135717 -0.07569565844447276 0.17103982747029695 -0.05076302549428377 0.1
0.03580944349406878 0.16407332666941832 -0.026154260796560025 0.004962825027717832 0.17247988750853777 -0.0312731442481613 0.1
0.23749539501706887 -0.06847822270803784 0.04999090013700798 0.2723522800222366 -0.06668962269407555 0.0480481585093025 0.1
0.17716314395396002 -0.1853156898079834 0.04207172661143031 0.17958338503593574 -0.17798602555824133 0.0420281268556606 0.1
0.13350509731049176 -0.10315906143448113 -0.04623551482931974 0.14745824045779693 -0.08817816573149453 -0.039370649267165936 0.1
0.03542808518156848 0.006721888103782437 0.17634502985925604 0.04523796699653576 -0.01973486547107367 0.15182543404141968 0.1
-0.23994307152659783 0.09062512550115266 0.14215283373176654 -0.20516415983928454 0.09904897448521999 0.14304146460925016 0.1
0.035248302018080005 0.24478471845663569 0.03578534961896329 0.052921066247301196 0.2896820093807559 -0.00032310653605521766 0.1
-0.21729790749954495 0.0947924680344429 0.07800909633295337 -0.21822459894141383 0.111774636222648 0.06124531331687888 0.1
0.04105142571972964 0.06549675861338589 0.27694508658004885 0.05425288501815806 0.027512181147838932 0.26345742572972336 0.1
-0.1584994655366187 0.07229994016799263 0.08377334577824497 -0.15300587405702973 0.055767791661881505 0.0674551494580406 0.1
-0.17647763565416874 -0.02356281122479177 0.035123218770350684 -0.16043887352574943 -0.006464700413437496 -0.010762888339359122 0.1
0.004962825027717829 0.17247988750853777 -0.0312731442481613 -0.02813354022886505 0.1821271769475949 -0.016984158074620892 0.1
0.16853111077681415 -0.20020523176821678 0.031611882664928315 0.1550192975736996 -0.20011132091712114 0.019180406443900844 0.1
0.19982108231055534 -0.15447612912029507 -0.015651131063507608 0.19446286563791731 -0.1933700496502454 -0.021046698781402584 0.1
0.06011065438886398 -0.16499904319370276 0.2023958256487785 0.06544758962143005 -0.1891352550976276 0.15405936354684185 0.1
-0.10402264297178666 -0.24939327643943196 -0.02523340948830405 -0.09832614818071408 -0.22991579570241577 -0.04044201415928117 0.1
0.11490486469892114 -0.23465775669520428 -0.14121024119831982 0.09588241763446304 -0.24330763251456955 -0.11623854289935084 0.1
0.17531762269042844 0.06560493835979243 -0.1485814652326612 0.20161054966362663 0.08770861535899632 -0.17617619288542563 0.1
-0.25131045940187635 -0.034823698832964954 -0.04279183948060762 -0.2251558873143818 -0.022945422148231753 -0.03939293388091075 0.1
-0.2237347723455772 0.05814692501490938 0.013880987560686495 -0.2096360831068646 0.05629805902757434 0.022574013390499248 0.1
-0.20435132193062644 0.07733906343702024 -0.060939444828193745 -0.1809559513506604 0.06182288365582256 -0.09586125940983264 0.1
-0.15907088123919041 0.008129232914797328 -0.11696690063815493 -0.156977539361478 0.006240366539416842 -0.12501044309016743 0.1
-0.1502343790286132 -0.08330810861016884 -0.15559341148645733 -0.1316460136291005 -0.0683169720901046 -0.1358170138199863 0.1
-0.17549235955957893 0.1730810322146648 -0.13599075807607758 -0.17357361445333822 0.16268765823275283 -0.1025903047658511 0.1
-0.07108667575750063 0.22054851080498822 -0.11214067095840588 -0.08548823553544324 0.2290960573633703 -0.07850328293626818 0.1
0.12843227104433175 0.009933564659517669 -0.22015440588950025 0.07950538457295003 0.008775321605178743 -0.21736509253321462 0.1
0.13284400077597147 0.08254961671847572 0.18783231794847638 0.15220805347787492 0.1141267689113869 0.21999634499828752 0.1
-0.23722326675451555 -0.09091440657990174 0.14405851537060949 -0.23754484071991977 -0.11658277236199271 0.11657489233582446 0.1
-0.0143496084190608 0.013893593995245479 -0.14968764814969285 -0.028017568573945495 -0.03940205794400875 -0.1329186227583804 0.1
-0.07504588910863617 -0.11512787285982375 -0.2072507135228165 -0.07937243042802847 -0.12144877514929195 -0.20831541873006887 0.1
0.1198668846028918 -0.11408374135708156 -0.22238092236590984 0.1220582540150561 -0.09881795411426722 -0.23700555641672688 0.1
-0.03981189413707059 0.06592525083239659 -0.26509149326548215 -0.06438461587060565 0.0309419764567056 -0.22618994449410346 0.1
0.21232951577182455 0.03768253015152024 -0.13568178691973756 0.1909636648738567 -0.0015821298640262826 -0.1593702284972562 0.1
0.08255107170417028 0.1472399157862981 -0.11205726329996415 0.05565574712576604 0.17595558363264124 -0.10342539056881453 0.1
-0.09832614818071408 -0.22991579570241577 -0.04044201415928117 -0.11893886870043718 -0.20100663645709876 -0.025389134442225736 0.1
-0.15093312349314295 0.08896023858380236 -0.04263841755131319 -0.13115033147136576 0.11439212615471106 -0.05960555298608733 0.1
-0.23675070728782485 -0.073715366133169 -0.03431063651700461 -0.23529019124358763 -0.06684647422779863 -0.03139302542401057 0.1
0.27394293351535665 0.018963490865186672 0.08962363837763149 0.25856478675306366 -0.014963922015041375 0.1315899409418605 0.1
-0.1187410518029917 -0.23894019903322278 -0.06499217182861003 -0.11457024899255855 -0.2582477348885892 -0.08071588480440386 0.1
0.10181094051320028 -0.1701725313249073 0.21708408446345379 0.11874913699697859 -0.13522673385117376 0.21684353738491252 0.1
0.2046955198197681 -0.15816772640029417 -0.07089019769867948 0.1744637099897411 -0.18357447048923822 -0.10149794250551594 0.1
0.1914307313642603 -0.1693154243905195 -0.08431993486114331 0.195181570529455 -0.15363732629322036 -0.10103871259972161 0.1
-0.22920933572384572 0.04355008552658694 -0.07487193449922336 -0.2557278101271514 0.04707092889776254 -0.06173280540236001 0.1
0.10932681674305511 -0.15466625892939617 0.21697734806613422 0.07973119176642457 -0.14012323429237028 0.24574960648893646 0.1
-0.2390832636052604 0.035045675118331086 -0.1448854974098368 -0.22584374791127065 0.045646059504272474 -0.12946036269570674 0.1
0.12394482376378735 -0.05108587839986159 -0.08367266370846463 0.11705282556283575 -0.037212522534191717 -0.07635794913743602 0.1
-0.051209596742508606 0.1689180228690219 0.10939723659271842 -0.05949590750732556 0.1742042115730033 0.08908101482935166 0.1
-0.08127322440192802 0.0006379037008512611 -0.07416650688338927 -0.07869048365156273 -0.015598448746852622 -0.04291070730645935 0.1
-0.159945324334544 0.008625683217664198 -0.11731105704086281 -0.14602043001658244 0.038788328585915244 -0.1091818265036672 0.1
-0.2251558873143818 -0.022945422148231753 -0.03939293388091075 -0.20780007433643244 -0.03330376598499196 -0.002942203694175971 0.1
0.10614568737023554 0.1550718805840473 0.015754021443931118 0.0961745511358667 0.15572178548767973 -0.004246950001765615 0.1
-0.132652400189415 0.22062224672770828 0.025275271579689805 -0.17707338426144148 0.1860023165023199 0.040692392798381494 0.1
-0.07937243042802847 -0.12144877514929195 -0.20831541873006887 -0.0923016764229205 -0.12389264874813391 -0.25093489307546035 0.1
0.14474529652717114 0.1906888907563959 -0.08123255980234106 0.09870063040058724 0.2206123052060987 -0.09745767832438215 0.1
0.27041352983841294 0.02891107656706509 0.08171468498867081 0.2409640361440311 0.00510593621440214 0.06491543027821445 0.1
-0.07569565844447276 0.17103982747029695 -0.05076302549428377 -0.08937918037652812 0.180358497819468 -0.08097387152595156 0.1
-0.017477915817967232 0.17902115935173918 -0.02158460494234678 -0.01711216996963205 0.19050527933807732 -0.028491027138781266 0.1
-0.037302922471874646 0.13437382675510137 -0.15520379748211116 -0.05077961988523655 0.11333946443190823 -0.1594250122501051 0.1
-0.007027107443823396 -0.14738118591275695 0.22608707521739796 -0.014871579922636213 -0.127624270935152 0.22780892555275983 0.1
-0.13308388745363414 0.22073706433356619 0.024289866381649657 -0.12904376831565076 0.26501224258451933 0.02767964960826752 0.1
-0.11396679801723887 0.17490093096811732 0.1290268388120377 -0.10583177427196722 0.18812701045054642 0.1184402270194595 0.1
-0.05713582262571121 0.06076630354426582 0.16315852044537593 -0.05162250258247231 0.0777709816239559 0.16715055841696874 0.1
0.06295515981404898 -0.25152846266719614 0.06319308329285403 0.07375603203959347 -0.23118448473185738 0.062008557033720046 0.1
-0.09807741869419848 -0.02629850954450868 -0.08494723545221489 -0.11522058518186173 -0.04232004890721103 -0.11090909793271317 0.1
-0.07951480664884364 0.12412308565207325 0.08972053450517808 -0.06645764882866359 0.1185106403213061 0.08046768295346657 0.1
-0.010449454972739414 0.13789658131756055 -0.2584904047245663 -0.004215837646260323 0.11445676430026502 -0.25812703189294905 0.1
-0.1588728281608731 -0.21764294123075756 0.05566240353694759 -0.16811736128611687 -0.2103742832059673 0.06069635013002039 0.1
0.06531653090193977 0.03978628105402971 -0.11574473152052225 0.10632745746837163 0.046718234557112714 -0.10156502070321852 0.1
0.195181570529455 -0.15363732629322036 -0.10103871259972161 0.20008732550602587 -0.13423853519274623 -0.1436714169805904 0.1
0.033368993796678695 -0.025784139710206228 -0.011556357312243012 0.03596844647375291 -0.013070616092534626 -0.0324164036397836 0.1
-0.21854904523323343 -0.014551161776379027 -0.11678444598139325 -0.2065286286275597 0.002787714979794631 -0.14458864963473345 0.1
0.19278208661886242 -0.07220013407599263 0.042930117250160604 0.16431777911359458 -0.05661966322604178 0.05581988359725831 0.1
0.13997348059003561 -0.05416427662155385 -0.0758933915065898 0.1478986895254224 -0.05146736994246509 -0.08385110471261933 0.1
-0.10860807285958361 0.15927954703969988 0.034122462836468734 -0.11004935338202829 0.17010465938552116 0.06612783500219249 0.1
0.2120696000093743 -0.08624809347726034 0.15427786668543936 0.1704498278419464 -0.053197570110201375 0.14854581818976398 0.1
-0.05345055942114657 -0.23804806760041528 0.011459363599118144 -0.05489452926142441 -0.24674520874832825 0.03034735088096646 0.1
-0.01133882159051297 -0.1490863570988323 0.22600913533382877 -0.027402764166812643 -0.14827206767905368 0.23526800098006145 0.1
-0.06434463245731631 -0.2824374359393735 -0.03902686858387322 -0.07028801667839929 -0.27652433314063113 -0.0707185558784458 0.1
-0.08652567807059415 0.1996719142291224 0.17767919842802848 -0.04529411525977817 0.21698263391649592 0.17950992486302608 0.1
0.08614775958227308 0.20993809186982254 0.017369025868919044 0.10851607248668249 0.25400465071303985 -0.0041898874573027545 0.1
0.2245696649707381 0.12283931665000208 0.07378099378698255 0.20645622717514983 0.17625074981559197 0.09880723402879754 0.1
0.18342140282320651 0.10285652767537218 -0.046555503138801246 0.17340854773266473 0.11559698777034216 -0.06028773201818899 0.1
0.0 0.0 0.06652363412486173 -0.013666511569435269 0.042262014127156244 0.06652363412486173 0.1
0.11187934274408784 -0.14940005146959046 0.21694109847645465 0.12575462878274618 -0.15608521011386067 0.22277829732123017 0.1
0.048450699305351855 0.2013524820987886 -0.14493944384887092 0.05735702419076999 0.195169313732731 -0.13572413331072525 0.1
0.023021063081409443 0.04347013089393359 -0.16513360296440122 0.0435797980048499 0.040464564195159425 -0.17857661703841185 0.1
-0.12224563724945942 -0.05442281265914278 -0.241973242684787 -0.09927337280056708 -0.02503266384974262 -0.27115330725754894 0.1
0.15220805347787492 0.1141267689113869 0.21999634499828752 0.15114362160406192 0.10242597503290163 0.23441243514832705 0.1
0.06183284691002202 0.04758401351523981 -0.10948116305520343 0.039653068837886996 0.04550304554736584 -0.11922648741436628 0.1
0.049788773226071927 -0.1599584382613154 -0.1971546881969461 0.07132022336339444 -0.15385183733485797 -0.19342062595463472 0.1
-0.06645764882866359 0.1185106403213061 0.08046768295346657 -0.052229727345596194 0.12346825379066112 0.07285661241087854 0.1
-0.06233006650112914 0.051373149329845366 0.15805556459838122 -0.059973667988970886 0.03514981715233906 0.18551975529048803 0.1
-0.06438461587060565 0.0309419764567056 -0.22618994449410346 -0.11275768728289853 0.05740140266321703 -0.1955504933678006 0.1
-0.006189052581270504 -0.22098763091132587 -0.06179179993341996 -0.014075795689143189 -0.196156643781919 -0.022544165820512663 0.1
-0.028017568573945495 -0.03940205794400875 -0.1329186227583804 -0.06190818493945224 -0.040041105899704 -0.1537726643360892 0.1
0.1524542197492304 0.1314462141330177 0.03574232047187054 0.14057772155066983 0.13018504378892765 0.0506897962585634 0.1
0.05203652021235844 0.2457252219427961 0.11788137785840219 0.05678860885982556 0.2571854928417682 0.1319112166627152 0.1
0.09417290477673392 0.04110309443574926 0.21998535586875737 0.04663856484589535 0.06112078557162509 0.21948315394047951 0.1
-0.05949590750732556 0.1742042115730033 0.08908101482935166 -0.06714057887580896 0.17720173523280236 0.09135416098629684 0.1
